,means,stds
0,1.0,0.0
1,1.0,0.0
2,1.0,0.0
3,1.0,0.0
4,0.6750183950496936,0.002506568043128538
5,0.8876413169785214,0.016119367797055195
6,0.7722020189346588,0.033453489401866245
7,0.8896989313872607,0.006889157174600877
8,0.6784670966245577,0.011056479632307228
9,0.8910895585173915,0.016767673798070468
10,0.7695513767804387,0.02154509913591243
11,0.8903813076683448,0.005905952368778478
12,1.0,0.0
13,1.0,6.409875621278546e-17
14,1.0,0.0
15,1.0,0.0
16,0.7011080548285792,0.015626662093784497
17,0.912648290536671,0.01807984644815212
18,0.7771568440720977,0.0413556697249453
19,0.8558729239873996,0.023471586502961335
20,0.7006670137326978,0.008496943918302496
21,0.9023944807886547,0.007682255778881677
22,0.7579147719869587,0.023693635905882988
23,0.8568328746883368,0.007553500054848336
24,0.8350348989048278,0.025366972507173707
25,0.971358046483736,0.009756138961650413
26,0.9112176985048018,0.014340195999271546
27,0.8743169094291529,0.0275602248721451
28,0.657345709141841,0.04090188451568486
29,0.8538997241045961,0.04477781788330796
30,0.6925503238702747,0.04625978848486957
31,0.7817979989670172,0.01051883945908871
32,0.6429272558486293,0.0037864229862626304
33,0.8277403714515739,0.002646201369841971
34,0.6652680242345171,0.0038366018191433
35,0.7910431457574484,0.024991796869446355
36,0.7750684830072258,0.01204963534077327
37,0.9510078993708814,0.0056003009121095675
38,0.8649894208021128,0.014668383749487724
39,0.8388763371918898,0.012718743461671253
40,0.6497802197802197,0.015394403585812805
41,0.8658516436050965,0.040389538212020445
42,0.7162727087727087,0.02258807644768588
43,0.7446643153453856,0.03708616841630809
44,0.6194582870562367,0.009047276013940583
45,0.8267733517756347,0.014421400506206841
46,0.6570344739162216,0.009924763882540487
47,0.7503279076389203,0.026585335549705776
